Program Name,Thread Count,Repetition,Time (Seconds)
denoise,1,1,45.48057317100029
denoise,1,2,45.85498997000104
denoise,1,3,45.965939579000406
denoise,1,4,45.99585011700037
denoise,1,5,46.10320027299895
denoise,1,6,46.032155798999156
denoise,1,7,44.20776639599899
denoise,1,8,44.58939125300094
denoise,1,9,44.28103377300067
denoise,1,10,43.88957795399983
denoise,1,11,43.71550039700014
denoise,1,12,43.9979917870005
denoise,1,13,43.945632664001096
denoise,1,14,43.88532891500108
denoise,1,15,43.96963615399909
denoise,1,16,43.79708450900034
denoise,1,17,43.879284986998755
denoise,1,18,44.26689617100055
denoise,1,19,43.925455542001146
denoise,1,20,43.7851583319989
denoise,1,21,43.599730059999274
denoise,1,22,43.97860709299857
denoise,1,23,43.73390854900026
denoise,1,24,43.756998746001045
denoise,1,25,43.77519474700057
denoise,1,26,44.0269068280013
denoise,1,27,43.62978961799854
denoise,1,28,44.50735554499988
denoise,1,29,43.87539395299973
denoise,1,30,43.9085867599988
denoise,2,1,26.93538168899977
denoise,2,2,27.318699192999702
denoise,2,3,27.083954908999658
denoise,2,4,27.159198048999315
denoise,2,5,27.607376594000016
denoise,2,6,27.07855108900003
denoise,2,7,27.225775692000752
denoise,2,8,27.290819267998813
denoise,2,9,27.146512461000384
denoise,2,10,27.21395771099924
denoise,2,11,27.081560643999183
denoise,2,12,27.228783202999693
denoise,2,13,27.197815419998733
denoise,2,14,27.18971721300113
denoise,2,15,27.23624263199963
denoise,2,16,27.1259391579988
denoise,2,17,27.17781131600168
denoise,2,18,27.325982780999766
denoise,2,19,27.172159028999886
denoise,2,20,27.10472514600042
denoise,2,21,27.551363369000683
denoise,2,22,27.416561719999663
denoise,2,23,27.51255857199976
denoise,2,24,27.21848796300037
denoise,2,25,27.20346183699985
denoise,2,26,27.13839875099984
denoise,2,27,27.07627564900031
denoise,2,28,27.281297072999223
denoise,2,29,27.112600305999877
denoise,2,30,27.18355438599974
denoise,3,1,18.607441954000024
denoise,3,2,18.941999454000324
denoise,3,3,18.704740793000383
denoise,3,4,18.736687279000762
denoise,3,5,18.689991706998626
denoise,3,6,18.72033430800002
denoise,3,7,18.755784291000964
denoise,3,8,18.987369763999595
denoise,3,9,18.76057603300069
denoise,3,10,18.690557510000872
denoise,3,11,18.663482746998852
denoise,3,12,18.89820179600065
denoise,3,13,18.737793719001274
denoise,3,14,18.731841127000735
denoise,3,15,18.710492096000962
denoise,3,16,18.788529274999746
denoise,3,17,18.78240249800001
denoise,3,18,18.753720906001035
denoise,3,19,18.782702962998883
denoise,3,20,18.75447004000125
denoise,3,21,18.787043706000986
denoise,3,22,18.72899959300048
denoise,3,23,18.791459826999926
denoise,3,24,18.737763609000467
denoise,3,25,18.720816422999633
denoise,3,26,18.782192758000747
denoise,3,27,18.769724197998585
denoise,3,28,18.759857136999926
denoise,3,29,18.76224870199985
denoise,3,30,18.766285509000227
denoise,4,1,14.675434785000107
denoise,4,2,14.796809387000394
denoise,4,3,14.891339358999176
denoise,4,4,14.870404225999664
denoise,4,5,14.889765066998734
denoise,4,6,14.957947819000765
denoise,4,7,14.883074169998508
denoise,4,8,14.853035235999414
denoise,4,9,14.922370727999805
denoise,4,10,14.971311428000263
denoise,4,11,15.09984005700062
denoise,4,12,14.9597763820002
denoise,4,13,14.910462887999529
denoise,4,14,14.911163979000776
denoise,4,15,14.935008383999957
denoise,4,16,14.998241027999029
denoise,4,17,15.045903212998383
denoise,4,18,14.930472846999692
denoise,4,19,14.903545610999572
denoise,4,20,14.98210977800045
denoise,4,21,15.11697771999934
denoise,4,22,14.934456027000124
denoise,4,23,14.95133712399911
denoise,4,24,14.947352556000624
denoise,4,25,15.01285396500134
denoise,4,26,14.978385598000386
denoise,4,27,14.999741941001048
denoise,4,28,14.975495787002728
denoise,4,29,14.992234965000534
denoise,4,30,14.95330786699924
denoise,5,1,12.702852456000983
denoise,5,2,12.739896269002202
denoise,5,3,12.655913064001652
denoise,5,4,12.68619816899809
denoise,5,5,12.743114215001697
denoise,5,6,12.723120812999696
denoise,5,7,12.709698046000995
denoise,5,8,12.736687874999916
denoise,5,9,12.725345402999665
denoise,5,10,12.692750285001239
denoise,5,11,12.69007802499982
denoise,5,12,12.725306350999745
denoise,5,13,12.74452357300106
denoise,5,14,12.736482238000463
denoise,5,15,12.716649852998671
denoise,5,16,12.688391528998181
denoise,5,17,12.67932267300057
denoise,5,18,12.707732771999872
denoise,5,19,12.735623257998668
denoise,5,20,12.699696186999063
denoise,5,21,12.70101075400089
denoise,5,22,12.714333800999157
denoise,5,23,12.732028921000165
denoise,5,24,12.692248020997795
denoise,5,25,12.7120440409999
denoise,5,26,12.830469992000872
denoise,5,27,12.755612362998363
denoise,5,28,12.725058905001788
denoise,5,29,12.74886772100217
denoise,5,30,12.719679633999476
denoise,6,1,11.224564164000185
denoise,6,2,11.35054538300028
denoise,6,3,11.190547875001357
denoise,6,4,11.300165849999757
denoise,6,5,11.39676446300291
denoise,6,6,11.255923007000092
denoise,6,7,11.255566872998315
denoise,6,8,11.26052771600007
denoise,6,9,11.262059770000633
denoise,6,10,11.241775817998132
denoise,6,11,11.323692559999472
denoise,6,12,11.261534622000909
denoise,6,13,11.344718635999016
denoise,6,14,11.299162268001965
denoise,6,15,11.258187794999685
denoise,6,16,11.330447813001228
denoise,6,17,11.204286061998573
denoise,6,18,11.349408244001097
denoise,6,19,11.273675618998823
denoise,6,20,11.342777920999652
denoise,6,21,11.246199883000372
denoise,6,22,11.268684430000576
denoise,6,23,11.277902112000447
denoise,6,24,11.24960396700044
denoise,6,25,11.233170474999497
denoise,6,26,11.329919610001525
denoise,6,27,11.230838039999071
denoise,6,28,11.21587101499972
denoise,6,29,11.219209069997305
denoise,6,30,11.240597267002158
denoise,7,1,10.690999785998429
denoise,7,2,10.443373100999452
denoise,7,3,10.51233155799855
denoise,7,4,10.906965400001354
denoise,7,5,10.221229081002093
denoise,7,6,10.64748099499775
denoise,7,7,10.260719575999246
denoise,7,8,10.50474371999735
denoise,7,9,10.514786436000577
denoise,7,10,11.495493684000394
denoise,7,11,10.49160550599845
denoise,7,12,10.472937147998891
denoise,7,13,10.684871677000046
denoise,7,14,10.674140470000566
denoise,7,15,10.65067270900181
denoise,7,16,10.669927835002454
denoise,7,17,10.50214688900087
denoise,7,18,10.183427020001545
denoise,7,19,10.549530987998878
denoise,7,20,10.609132547000627
denoise,7,21,10.287436504997459
denoise,7,22,10.405731033002667
denoise,7,23,10.32332858999871
denoise,7,24,10.652673266999045
denoise,7,25,11.516343857998436
denoise,7,26,10.278286290002143
denoise,7,27,11.524418019002042
denoise,7,28,10.363522555002419
denoise,7,29,10.616664042998309
denoise,7,30,10.584862662002706
denoise,8,1,10.305236460000742
denoise,8,2,10.099472219997551
denoise,8,3,9.919411652001145
denoise,8,4,9.833184964998509
denoise,8,5,9.880665787997714
denoise,8,6,9.77424284800145
denoise,8,7,10.177969879998273
denoise,8,8,10.345311878998473
denoise,8,9,10.068669537999085
denoise,8,10,9.992044976002944
denoise,8,11,10.424878224999702
denoise,8,12,9.971202680997521
denoise,8,13,9.92980353099847
denoise,8,14,9.920058773001074
denoise,8,15,9.954780989999563
denoise,8,16,10.376556102000905
denoise,8,17,10.092548972999793
denoise,8,18,10.584068427000602
denoise,8,19,10.573232807997556
denoise,8,20,10.352417707999848
denoise,8,21,10.301147932997992
denoise,8,22,10.436970466002094
denoise,8,23,9.792304566999519
denoise,8,24,10.704699308000272
denoise,8,25,10.70816090399967
denoise,8,26,10.562486794002325
denoise,8,27,10.040491383999324
denoise,8,28,9.764333703999
denoise,8,29,10.163059454996983
denoise,8,30,10.584140184997523
denoise,9,1,9.415421197001706
denoise,9,2,9.474311664002016
denoise,9,3,9.342047715999797
denoise,9,4,10.103599107002083
denoise,9,5,10.61558543800129
denoise,9,6,9.370579980000912
denoise,9,7,9.736197960999561
denoise,9,8,10.199365776999912
denoise,9,9,9.61388951200206
denoise,9,10,10.739103215997602
denoise,9,11,9.622742760999245
denoise,9,12,9.601789786000154
denoise,9,13,9.573341057999642
denoise,9,14,10.779338723001274
denoise,9,15,9.64317005599878
denoise,9,16,9.456652542001393
denoise,9,17,9.542962330000591
denoise,9,18,9.51835179200134
denoise,9,19,9.574418115997105
denoise,9,20,9.581299983001372
denoise,9,21,9.365182477999042
denoise,9,22,9.158936741998332
denoise,9,23,9.356372040998394
denoise,9,24,9.259819310998864
denoise,9,25,9.35916496900245
denoise,9,26,9.39366058700034
denoise,9,27,9.298187065000093
denoise,9,28,9.371055751998938
denoise,9,29,9.483032937001553
denoise,9,30,9.465046031000384
denoise,10,1,9.139430417999392
denoise,10,2,9.23683782900116
denoise,10,3,9.242852538001898
denoise,10,4,9.195031698000093
denoise,10,5,8.79426615900229
denoise,10,6,8.868201455999952
denoise,10,7,9.025533445001201
denoise,10,8,9.025570844998583
denoise,10,9,9.177806898998824
denoise,10,10,8.645876080998278
denoise,10,11,8.978276894998999
denoise,10,12,8.688917204999598
denoise,10,13,8.821829384000011
denoise,10,14,8.757801992000168
denoise,10,15,8.638093460001983
denoise,10,16,9.255499994000274
denoise,10,17,9.113349511000706
denoise,10,18,8.59069355199972
denoise,10,19,9.213970220000192
denoise,10,20,9.313222535998648
denoise,10,21,8.931632220999745
denoise,10,22,9.057556214000215
denoise,10,23,9.256972689003305
denoise,10,24,8.964473444997566
denoise,10,25,8.840991551001935
denoise,10,26,8.925203364997287
denoise,10,27,9.367287087003206
denoise,10,28,9.566833036999014
denoise,10,29,9.30430282999805
denoise,10,30,9.448447413000395
denoise,11,1,9.720075806999375
denoise,11,2,9.756735639002727
denoise,11,3,9.17302975700295
denoise,11,4,9.698192883002775
denoise,11,5,9.652511749998666
denoise,11,6,9.744179449000512
denoise,11,7,9.57063422200008
denoise,11,8,9.751249401997484
denoise,11,9,9.697324789998675
denoise,11,10,9.544256248998863
denoise,11,11,8.798341407000407
denoise,11,12,9.792247566998412
denoise,11,13,9.679329318001692
denoise,11,14,9.775442286001635
denoise,11,15,9.523951594001119
denoise,11,16,9.34200807399975
denoise,11,17,9.539820221998525
denoise,11,18,9.56449133699789
denoise,11,19,8.424516758001118
denoise,11,20,9.368716646000394
denoise,11,21,8.377363777999562
denoise,11,22,9.191615800002182
denoise,11,23,8.830796050999197
denoise,11,24,8.4425833230016
denoise,11,25,9.412198635000095
denoise,11,26,8.404029409000941
denoise,11,27,9.535889259001124
denoise,11,28,8.419631403001404
denoise,11,29,9.476809496998612
denoise,11,30,9.35881796600006
denoise,12,1,8.199176434998662
denoise,12,2,8.177873450000334
denoise,12,3,8.178531606998149
denoise,12,4,8.117106895002507
denoise,12,5,8.210823737001192
denoise,12,6,8.138957045001007
denoise,12,7,8.125907566001842
denoise,12,8,8.177026036002644
denoise,12,9,8.15117662600096
denoise,12,10,8.259020299999975
denoise,12,11,8.18450524400032
denoise,12,12,8.180784633001167
denoise,12,13,8.16531446999943
denoise,12,14,8.19154499799697
denoise,12,15,8.18089577399951
denoise,12,16,8.148231338000187
denoise,12,17,8.11261317699973
denoise,12,18,8.253533750001225
denoise,12,19,8.25180410500252
denoise,12,20,8.112690405003377
denoise,12,21,8.09894795499713
denoise,12,22,8.157521909000934
denoise,12,23,8.33855960299843
denoise,12,24,8.137693620999926
denoise,12,25,8.201314691999869
denoise,12,26,8.11938200700024
denoise,12,27,8.206893192997086
denoise,12,28,8.146565039001871
denoise,12,29,8.113424560000567
denoise,12,30,8.425796874998923
denoise,13,1,9.30977887300105
denoise,13,2,8.989573717000894
denoise,13,3,9.00824313600242
denoise,13,4,8.85950261799735
denoise,13,5,9.03050089700264
denoise,13,6,8.74009949700121
denoise,13,7,8.828422343998682
denoise,13,8,8.784790120000253
denoise,13,9,8.98110829000143
denoise,13,10,9.12481569100055
denoise,13,11,8.976557740999851
denoise,13,12,9.00687762600137
denoise,13,13,9.168477746999997
denoise,13,14,9.04035464000117
denoise,13,15,8.895158534000075
denoise,13,16,8.960379116000695
denoise,13,17,8.917924949997541
denoise,13,18,8.92350099900068
denoise,13,19,8.900150839999696
denoise,13,20,9.01462969199929
denoise,13,21,8.673752297996543
denoise,13,22,8.978069560998847
denoise,13,23,8.927780091999011
denoise,13,24,8.889950831999158
denoise,13,25,8.829448170999967
denoise,13,26,9.028291976999753
denoise,13,27,9.027736960000766
denoise,13,28,8.6717151260018
denoise,13,29,9.069282913002098
denoise,13,30,9.089988063999044
denoise,14,1,7.865282962000492
denoise,14,2,7.504459081999812
denoise,14,3,7.797852174000582
denoise,14,4,7.856394595000893
denoise,14,5,7.993920535001962
denoise,14,6,7.883094323999103
denoise,14,7,7.610227437002322
denoise,14,8,7.909939412002132
denoise,14,9,7.854621717000555
denoise,14,10,7.413098390999949
denoise,14,11,7.861285200000566
denoise,14,12,7.84704524100016
denoise,14,13,7.677626680000685
denoise,14,14,7.651140977999603
denoise,14,15,8.13955779400203
denoise,14,16,7.922488731001067
denoise,14,17,7.954497863000142
denoise,14,18,7.6765883879998
denoise,14,19,7.888626846000989
denoise,14,20,7.763788690997899
denoise,14,21,7.981299382001453
denoise,14,22,7.802299492999737
denoise,14,23,7.802643308001279
denoise,14,24,7.976787319999858
denoise,14,25,7.568205546001991
denoise,14,26,7.631247148001421
denoise,14,27,7.568306660999951
denoise,14,28,7.872300218001328
denoise,14,29,7.78199667899753
denoise,14,30,7.757310756001971
denoise,15,1,8.804807773998618
denoise,15,2,8.854738662001182
denoise,15,3,8.953261824000947
denoise,15,4,8.710871969997243
denoise,15,5,8.921337191997736
denoise,15,6,8.860330925999733
denoise,15,7,8.884458590000577
denoise,15,8,8.823561763001635
denoise,15,9,9.099017856999126
denoise,15,10,9.014490300000034
denoise,15,11,8.994262779000564
denoise,15,12,9.173009967002145
denoise,15,13,8.995685812002193
denoise,15,14,8.748309017999418
denoise,15,15,8.973458582000603
denoise,15,16,8.498352782000438
denoise,15,17,8.686334556001384
denoise,15,18,8.861831680998876
denoise,15,19,8.621626668998942
denoise,15,20,8.566878301000543
denoise,15,21,8.884320336997916
denoise,15,22,9.272238871002628
denoise,15,23,9.439122135998332
denoise,15,24,9.14530938900134
denoise,15,25,8.842865408001671
denoise,15,26,9.20886917000098
denoise,15,27,9.07799722600248
denoise,15,28,9.081043869002315
denoise,15,29,9.268222645998321
denoise,15,30,8.880084918997454
denoise,16,1,8.358680676999938
denoise,16,2,8.089590944997326
denoise,16,3,7.973552037998161
denoise,16,4,8.518474405998859
denoise,16,5,8.599629127998924
denoise,16,6,8.699694078000903
denoise,16,7,8.321125447000668
denoise,16,8,8.031287142999645
denoise,16,9,8.070677914001863
denoise,16,10,8.138663975998497
denoise,16,11,8.069778795001184
denoise,16,12,8.30557520200091
denoise,16,13,8.573961704001704
denoise,16,14,8.213076357002137
denoise,16,15,7.988159492997511
denoise,16,16,8.038799772999482
denoise,16,17,8.400064442001167
denoise,16,18,8.121162289000495
denoise,16,19,8.631249363999814
denoise,16,20,8.101407951999136
denoise,16,21,8.301451348997944
denoise,16,22,8.19537960800153
denoise,16,23,8.48064154199892
denoise,16,24,8.17878188100076
denoise,16,25,8.43232375399748
denoise,16,26,8.337910526999622
denoise,16,27,8.001245367002412
denoise,16,28,7.742265887998656
denoise,16,29,7.967919760998484
denoise,16,30,8.113890171000094
denoise_calendar_3,1,1,14.327107314999012
denoise_calendar_3,1,2,14.313463781996688
denoise_calendar_3,1,3,14.283819344000221
denoise_calendar_3,1,4,14.367379917999642
denoise_calendar_3,1,5,14.471811423001782
denoise_calendar_3,1,6,14.434812416999193
denoise_calendar_3,1,7,14.427501632999338
denoise_calendar_3,1,8,14.305222898998181
denoise_calendar_3,1,9,14.282038713001384
denoise_calendar_3,1,10,14.233953224000288
denoise_calendar_3,1,11,14.466274684000382
denoise_calendar_3,1,12,14.40251740399981
denoise_calendar_3,1,13,14.35895171700031
denoise_calendar_3,1,14,14.35647831100141
denoise_calendar_3,1,15,14.301553531000536
denoise_calendar_3,1,16,14.515390652999486
denoise_calendar_3,1,17,14.365468392003095
denoise_calendar_3,1,18,14.3005808659982
denoise_calendar_3,1,19,14.327908944000228
denoise_calendar_3,1,20,14.52513232199999
denoise_calendar_3,1,21,14.382476516999304
denoise_calendar_3,1,22,14.302544418998878
denoise_calendar_3,1,23,14.186694984997303
denoise_calendar_3,1,24,14.139295085002232
denoise_calendar_3,1,25,13.990492379998614
denoise_calendar_3,1,26,13.985258421998878
denoise_calendar_3,1,27,13.991889586999605
denoise_calendar_3,1,28,13.894933790001232
denoise_calendar_3,1,29,13.906791825000255
denoise_calendar_3,1,30,13.895382050999615
denoise_calendar_3,2,1,8.259553844000038
denoise_calendar_3,2,2,8.27235262999966
denoise_calendar_3,2,3,8.281717011002911
denoise_calendar_3,2,4,8.30381527999998
denoise_calendar_3,2,5,8.316108077000536
denoise_calendar_3,2,6,8.338133928999014
denoise_calendar_3,2,7,8.353250825999567
denoise_calendar_3,2,8,8.31115012400187
denoise_calendar_3,2,9,8.337872250998771
denoise_calendar_3,2,10,8.324193800002831
denoise_calendar_3,2,11,8.361648994999996
denoise_calendar_3,2,12,8.33879517600144
denoise_calendar_3,2,13,8.327866974999779
denoise_calendar_3,2,14,8.352005288001237
denoise_calendar_3,2,15,8.346618832001695
denoise_calendar_3,2,16,8.335336871001346
denoise_calendar_3,2,17,8.345706285999768
denoise_calendar_3,2,18,8.353216126000916
denoise_calendar_3,2,19,8.369931481000094
denoise_calendar_3,2,20,8.336476153999683
denoise_calendar_3,2,21,8.329272577997472
denoise_calendar_3,2,22,8.387783070000296
denoise_calendar_3,2,23,8.32826429099805
denoise_calendar_3,2,24,8.385086365997267
denoise_calendar_3,2,25,8.382567813001515
denoise_calendar_3,2,26,8.334810338998068
denoise_calendar_3,2,27,8.343175048001285
denoise_calendar_3,2,28,8.37977692700224
denoise_calendar_3,2,29,8.346562568000081
denoise_calendar_3,2,30,8.324680901998363
denoise_calendar_3,3,1,5.799607681001362
denoise_calendar_3,3,2,5.692831120002666
denoise_calendar_3,3,3,5.712214258997847
denoise_calendar_3,3,4,5.7106958129988925
denoise_calendar_3,3,5,5.763276636000228
denoise_calendar_3,3,6,5.735089920999599
denoise_calendar_3,3,7,5.7292226669997035
denoise_calendar_3,3,8,5.736591821998445
denoise_calendar_3,3,9,5.821467482001026
denoise_calendar_3,3,10,5.729457567998907
denoise_calendar_3,3,11,5.741674074000912
denoise_calendar_3,3,12,5.741230433002784
denoise_calendar_3,3,13,5.812846488999639
denoise_calendar_3,3,14,5.770316567999544
denoise_calendar_3,3,15,5.7432330419978825
denoise_calendar_3,3,16,5.750487018998683
denoise_calendar_3,3,17,5.81437459800145
denoise_calendar_3,3,18,5.779432829000143
denoise_calendar_3,3,19,5.745044428000256
denoise_calendar_3,3,20,5.759565549997205
denoise_calendar_3,3,21,5.757137688997318
denoise_calendar_3,3,22,5.757231014998979
denoise_calendar_3,3,23,5.770134392998443
denoise_calendar_3,3,24,5.809216641999228
denoise_calendar_3,3,25,5.75204361699798
denoise_calendar_3,3,26,5.808601734999684
denoise_calendar_3,3,27,5.833637760999409
denoise_calendar_3,3,28,5.818821969001874
denoise_calendar_3,3,29,5.813866242999211
denoise_calendar_3,3,30,5.812914989997807
denoise_calendar_3,4,1,4.596549808000418
denoise_calendar_3,4,2,4.63324184999874
denoise_calendar_3,4,3,4.640890114998911
denoise_calendar_3,4,4,4.6334400349987845
denoise_calendar_3,4,5,4.650109315000009
denoise_calendar_3,4,6,4.677505511001073
denoise_calendar_3,4,7,4.695391476001532
denoise_calendar_3,4,8,4.609011115000612
denoise_calendar_3,4,9,4.603090971999336
denoise_calendar_3,4,10,4.650812132000283
denoise_calendar_3,4,11,4.612845345000096
denoise_calendar_3,4,12,4.687961902000097
denoise_calendar_3,4,13,4.64908187400215
denoise_calendar_3,4,14,4.619888973000343
denoise_calendar_3,4,15,4.624567504000879
denoise_calendar_3,4,16,4.631804448999901
denoise_calendar_3,4,17,4.66392540400193
denoise_calendar_3,4,18,4.614313762001984
denoise_calendar_3,4,19,4.636223327001062
denoise_calendar_3,4,20,4.678882300002442
denoise_calendar_3,4,21,4.634566087002895
denoise_calendar_3,4,22,4.621636419000424
denoise_calendar_3,4,23,4.660566298996855
denoise_calendar_3,4,24,4.611996420000651
denoise_calendar_3,4,25,4.619171828999242
denoise_calendar_3,4,26,4.636673255001369
denoise_calendar_3,4,27,4.619118727998284
denoise_calendar_3,4,28,4.643663713999558
denoise_calendar_3,4,29,4.627242992999527
denoise_calendar_3,4,30,4.626055865002854
denoise_calendar_3,5,1,3.8890795429979335
denoise_calendar_3,5,2,3.8640863279979385
denoise_calendar_3,5,3,3.8734820719982963
denoise_calendar_3,5,4,3.8587107460007246
denoise_calendar_3,5,5,3.862420661997021
denoise_calendar_3,5,6,3.9033687240007566
denoise_calendar_3,5,7,3.868451102000108
denoise_calendar_3,5,8,3.866866080003092
denoise_calendar_3,5,9,3.8638519820015063
denoise_calendar_3,5,10,3.9173591600010695
denoise_calendar_3,5,11,3.8964936819975264
denoise_calendar_3,5,12,3.857405912000104
denoise_calendar_3,5,13,3.8541484020024654
denoise_calendar_3,5,14,3.9025325490001705
denoise_calendar_3,5,15,3.8637357689985947
denoise_calendar_3,5,16,3.879549319000944
denoise_calendar_3,5,17,3.8632028100000753
denoise_calendar_3,5,18,3.8964978370022436
denoise_calendar_3,5,19,3.8930050220005796
denoise_calendar_3,5,20,3.8652293859995552
denoise_calendar_3,5,21,3.859432877998188
denoise_calendar_3,5,22,3.858155588997761
denoise_calendar_3,5,23,3.896439977001137
denoise_calendar_3,5,24,3.8644048429996474
denoise_calendar_3,5,25,3.871070408000378
denoise_calendar_3,5,26,3.8917603230001987
denoise_calendar_3,5,27,3.8958455290012353
denoise_calendar_3,5,28,3.8841184089978924
denoise_calendar_3,5,29,3.862590345997887
denoise_calendar_3,5,30,3.856640696001705
denoise_calendar_3,6,1,3.213610906001122
denoise_calendar_3,6,2,3.1920662720003747
denoise_calendar_3,6,3,3.209271168001578
denoise_calendar_3,6,4,3.247614957999758
denoise_calendar_3,6,5,3.2443636709977
denoise_calendar_3,6,6,3.2516445589972136
denoise_calendar_3,6,7,3.2664635649998672
denoise_calendar_3,6,8,3.2104623119994358
denoise_calendar_3,6,9,3.237663029001851
denoise_calendar_3,6,10,3.238549907997367
denoise_calendar_3,6,11,3.258536731998902
denoise_calendar_3,6,12,3.244353971000237
denoise_calendar_3,6,13,3.2200103549985215
denoise_calendar_3,6,14,3.224501620999945
denoise_calendar_3,6,15,3.260739272001956
denoise_calendar_3,6,16,3.2318547869981558
denoise_calendar_3,6,17,3.261688509999658
denoise_calendar_3,6,18,3.2786174020002363
denoise_calendar_3,6,19,3.2307864729991707
denoise_calendar_3,6,20,3.2901980349997757
denoise_calendar_3,6,21,3.264521634999255
denoise_calendar_3,6,22,3.23646935600118
denoise_calendar_3,6,23,3.29094585099665
denoise_calendar_3,6,24,3.2655578270023398
denoise_calendar_3,6,25,3.2432793929983745
denoise_calendar_3,6,26,3.276452079997398
denoise_calendar_3,6,27,3.2320850010000868
denoise_calendar_3,6,28,3.2450344970020524
denoise_calendar_3,6,29,3.2816249070019694
denoise_calendar_3,6,30,3.2504672149989347
denoise_calendar_3,7,1,3.5708457119981176
denoise_calendar_3,7,2,3.5565861249997397
denoise_calendar_3,7,3,3.5584402169988607
denoise_calendar_3,7,4,3.543203489000007
denoise_calendar_3,7,5,3.5019976980001957
denoise_calendar_3,7,6,3.4723497459999635
denoise_calendar_3,7,7,3.516460909999296
denoise_calendar_3,7,8,3.5170377820031717
denoise_calendar_3,7,9,3.5626544680017105
denoise_calendar_3,7,10,3.5573694679987966
denoise_calendar_3,7,11,3.4218204659991898
denoise_calendar_3,7,12,3.5234960229972785
denoise_calendar_3,7,13,3.5322285309994186
denoise_calendar_3,7,14,3.4241719290002948
denoise_calendar_3,7,15,3.5339211170030467
denoise_calendar_3,7,16,3.5208900870020443
denoise_calendar_3,7,17,3.4752411110021058
denoise_calendar_3,7,18,3.542751772001793
denoise_calendar_3,7,19,3.4248848380011623
denoise_calendar_3,7,20,2.9192671500022698
denoise_calendar_3,7,21,3.504386358999909
denoise_calendar_3,7,22,3.4909159269991505
denoise_calendar_3,7,23,3.555291650001891
denoise_calendar_3,7,24,3.472489998999663
denoise_calendar_3,7,25,3.5258875700019416
denoise_calendar_3,7,26,3.510876529999223
denoise_calendar_3,7,27,3.5605979200008733
denoise_calendar_3,7,28,3.5550453220021154
denoise_calendar_3,7,29,3.561938568000187
denoise_calendar_3,7,30,3.554734813998948
denoise_calendar_3,8,1,3.4220091799979855
denoise_calendar_3,8,2,3.3649362770011066
denoise_calendar_3,8,3,3.411165253000945
denoise_calendar_3,8,4,3.4194504040024185
denoise_calendar_3,8,5,3.2744205859999056
denoise_calendar_3,8,6,3.412774510001327
denoise_calendar_3,8,7,3.3713642910006456
denoise_calendar_3,8,8,3.1282358720018237
denoise_calendar_3,8,9,3.2831778910003777
denoise_calendar_3,8,10,3.288817011001811
denoise_calendar_3,8,11,3.133389039998292
denoise_calendar_3,8,12,3.4176990360028867
denoise_calendar_3,8,13,3.4148028199997498
denoise_calendar_3,8,14,3.4256625670022913
denoise_calendar_3,8,15,3.4263618320001115
denoise_calendar_3,8,16,3.281394182002259
denoise_calendar_3,8,17,3.3007484080008
denoise_calendar_3,8,18,3.3082216110014997
denoise_calendar_3,8,19,3.327399964000506
denoise_calendar_3,8,20,3.4115609700020286
denoise_calendar_3,8,21,3.3158303720010736
denoise_calendar_3,8,22,3.2822874640005466
denoise_calendar_3,8,23,3.3179834490001667
denoise_calendar_3,8,24,3.4103647640004056
denoise_calendar_3,8,25,3.3798864300006244
denoise_calendar_3,8,26,3.2940142629995535
denoise_calendar_3,8,27,3.422761622001417
denoise_calendar_3,8,28,3.306614207001985
denoise_calendar_3,8,29,3.3500149649989908
denoise_calendar_3,8,30,3.2797129370010225
denoise_calendar_3,9,1,3.113671153998439
denoise_calendar_3,9,2,3.214880888001062
denoise_calendar_3,9,3,3.2269618490026915
denoise_calendar_3,9,4,3.053818626998691
denoise_calendar_3,9,5,3.2228966199982096
denoise_calendar_3,9,6,3.1701992840025923
denoise_calendar_3,9,7,3.03679750000083
denoise_calendar_3,9,8,3.226476289000857
denoise_calendar_3,9,9,2.987183463999827
denoise_calendar_3,9,10,3.1882774629993946
denoise_calendar_3,9,11,3.1608103519974975
denoise_calendar_3,9,12,3.0472966640008963
denoise_calendar_3,9,13,3.1696467670008133
denoise_calendar_3,9,14,3.1484133119993203
denoise_calendar_3,9,15,3.228898426001251
denoise_calendar_3,9,16,3.2474364949994197
denoise_calendar_3,9,17,3.263387506001891
denoise_calendar_3,9,18,3.0615644960016652
denoise_calendar_3,9,19,3.0423561469979177
denoise_calendar_3,9,20,3.2461323749994335
denoise_calendar_3,9,21,3.026349340001616
denoise_calendar_3,9,22,3.052001953998115
denoise_calendar_3,9,23,3.2549668559986458
denoise_calendar_3,9,24,3.2195084010018036
denoise_calendar_3,9,25,3.031678813000326
denoise_calendar_3,9,26,3.0453662869986147
denoise_calendar_3,9,27,3.1576926650013775
denoise_calendar_3,9,28,2.997434405999229
denoise_calendar_3,9,29,3.1979504010014352
denoise_calendar_3,9,30,3.0242302660008136
denoise_calendar_3,10,1,3.0850283140025567
denoise_calendar_3,10,2,3.0382195610000053
denoise_calendar_3,10,3,3.046458535001875
denoise_calendar_3,10,4,3.0589890359988203
denoise_calendar_3,10,5,3.043681846000254
denoise_calendar_3,10,6,3.063953357999708
denoise_calendar_3,10,7,2.9028487370014773
denoise_calendar_3,10,8,3.0698252389993286
denoise_calendar_3,10,9,3.034535542999947
denoise_calendar_3,10,10,3.079247915000451
denoise_calendar_3,10,11,3.0878333750006277
denoise_calendar_3,10,12,3.034590045997902
denoise_calendar_3,10,13,3.063407505000214
denoise_calendar_3,10,14,2.991980816997966
denoise_calendar_3,10,15,2.9757383149990346
denoise_calendar_3,10,16,3.0533389449992683
denoise_calendar_3,10,17,3.0490977020017453
denoise_calendar_3,10,18,3.0280094930021733
denoise_calendar_3,10,19,3.042153069000051
denoise_calendar_3,10,20,2.9392165440003737
denoise_calendar_3,10,21,3.0814503860019613
denoise_calendar_3,10,22,3.001728658000502
denoise_calendar_3,10,23,3.014721064002515
denoise_calendar_3,10,24,3.00012585299919
denoise_calendar_3,10,25,3.014657083000202
denoise_calendar_3,10,26,2.9880309850013873
denoise_calendar_3,10,27,3.048940603999654
denoise_calendar_3,10,28,2.9896382090009865
denoise_calendar_3,10,29,2.835733252999489
denoise_calendar_3,10,30,3.0841971070003638
denoise_calendar_3,11,1,2.8507634390007297
denoise_calendar_3,11,2,2.8914850530018157
denoise_calendar_3,11,3,2.8171889209988876
denoise_calendar_3,11,4,2.888312635001057
denoise_calendar_3,11,5,2.853869902999577
denoise_calendar_3,11,6,2.842237531000137
denoise_calendar_3,11,7,2.9120040950001567
denoise_calendar_3,11,8,2.8453803140000673
denoise_calendar_3,11,9,2.8428173389984295
denoise_calendar_3,11,10,2.8653337540017674
denoise_calendar_3,11,11,2.8125732089974917
denoise_calendar_3,11,12,2.8946583030010515
denoise_calendar_3,11,13,2.8941520330008643
denoise_calendar_3,11,14,2.852291912997316
denoise_calendar_3,11,15,2.849957922997419
denoise_calendar_3,11,16,2.8947976259987627
denoise_calendar_3,11,17,2.919683938998787
denoise_calendar_3,11,18,2.897127959997306
denoise_calendar_3,11,19,2.8742164070026774
denoise_calendar_3,11,20,2.8938894160019117
denoise_calendar_3,11,21,2.838805109997338
denoise_calendar_3,11,22,2.8883245270008047
denoise_calendar_3,11,23,2.8805463850003434
denoise_calendar_3,11,24,2.912962788999721
denoise_calendar_3,11,25,2.927214802002709
denoise_calendar_3,11,26,2.917238838002959
denoise_calendar_3,11,27,2.91528873399875
denoise_calendar_3,11,28,2.8702810530012357
denoise_calendar_3,11,29,2.932840126002702
denoise_calendar_3,11,30,2.8880009230015276
denoise_calendar_3,12,1,2.873089370998059
denoise_calendar_3,12,2,2.79932422499769
denoise_calendar_3,12,3,2.785453394000797
denoise_calendar_3,12,4,2.885837595000339
denoise_calendar_3,12,5,2.811547214001621
denoise_calendar_3,12,6,2.807376896002097
denoise_calendar_3,12,7,2.8053855250000197
denoise_calendar_3,12,8,2.8124939469998935
denoise_calendar_3,12,9,2.790834095001628
denoise_calendar_3,12,10,2.7885065360023873
denoise_calendar_3,12,11,2.8753643589989224
denoise_calendar_3,12,12,2.7823579309988418
denoise_calendar_3,12,13,2.8182091009985015
denoise_calendar_3,12,14,2.8635122629966645
denoise_calendar_3,12,15,2.813324520000606
denoise_calendar_3,12,16,2.799817138002254
denoise_calendar_3,12,17,2.833961874999659
denoise_calendar_3,12,18,2.8021494150016224
denoise_calendar_3,12,19,2.8114800460025435
denoise_calendar_3,12,20,2.792557298002066
denoise_calendar_3,12,21,2.8271182640019106
denoise_calendar_3,12,22,2.881399298999895
denoise_calendar_3,12,23,2.8147910269981367
denoise_calendar_3,12,24,2.835859138998785
denoise_calendar_3,12,25,2.800264204000996
denoise_calendar_3,12,26,2.822385379997286
denoise_calendar_3,12,27,2.797681944000942
denoise_calendar_3,12,28,2.812921576001827
denoise_calendar_3,12,29,2.8067334959996515
denoise_calendar_3,12,30,2.799920784000278
denoise_calendar_3,13,1,2.912493227999221
denoise_calendar_3,13,2,2.7209684929985087
denoise_calendar_3,13,3,2.7417983839986846
denoise_calendar_3,13,4,2.783331835998979
denoise_calendar_3,13,5,2.8546339469976374
denoise_calendar_3,13,6,2.795879369001341
denoise_calendar_3,13,7,2.8477591660011967
denoise_calendar_3,13,8,2.7816063970021787
denoise_calendar_3,13,9,2.770498518999375
denoise_calendar_3,13,10,2.806347795001784
denoise_calendar_3,13,11,2.83606018899809
denoise_calendar_3,13,12,2.7339486870005203
denoise_calendar_3,13,13,2.780113420001726
denoise_calendar_3,13,14,2.765887196001131
denoise_calendar_3,13,15,2.8438829949991487
denoise_calendar_3,13,16,2.8123123119985394
denoise_calendar_3,13,17,2.800925144998473
denoise_calendar_3,13,18,2.831876034000743
denoise_calendar_3,13,19,2.7729960399992706
denoise_calendar_3,13,20,2.775506193000183
denoise_calendar_3,13,21,2.84326325100119
denoise_calendar_3,13,22,2.7924031549991923
denoise_calendar_3,13,23,2.7854924259991094
denoise_calendar_3,13,24,2.8045494190009777
denoise_calendar_3,13,25,2.805435086000216
denoise_calendar_3,13,26,2.7964943629995105
denoise_calendar_3,13,27,2.8747619559981104
denoise_calendar_3,13,28,2.7899701459973585
denoise_calendar_3,13,29,2.8101063030007936
denoise_calendar_3,13,30,2.78786224400028
denoise_calendar_3,14,1,2.678658450000512
denoise_calendar_3,14,2,2.7174197809981706
denoise_calendar_3,14,3,2.65662999900087
denoise_calendar_3,14,4,2.683289410000725
denoise_calendar_3,14,5,2.719054536999465
denoise_calendar_3,14,6,2.6979702040007396
denoise_calendar_3,14,7,2.7328518889989937
denoise_calendar_3,14,8,2.654953845001728
denoise_calendar_3,14,9,2.6430780029986636
denoise_calendar_3,14,10,2.7695498520006367
denoise_calendar_3,14,11,2.6751245470004505
denoise_calendar_3,14,12,2.656843213000684
denoise_calendar_3,14,13,2.670340415999817
denoise_calendar_3,14,14,2.6487443139994866
denoise_calendar_3,14,15,2.7115970229970117
denoise_calendar_3,14,16,2.6990539170001284
denoise_calendar_3,14,17,2.6693458720001217
denoise_calendar_3,14,18,2.694898536999972
denoise_calendar_3,14,19,2.627312223001354
denoise_calendar_3,14,20,2.7087586970010307
denoise_calendar_3,14,21,2.7615583459992195
denoise_calendar_3,14,22,2.662102252998011
denoise_calendar_3,14,23,2.6702738089988998
denoise_calendar_3,14,24,2.7550393900019117
denoise_calendar_3,14,25,2.7280936460010707
denoise_calendar_3,14,26,2.7655587519984692
denoise_calendar_3,14,27,2.683578416999808
denoise_calendar_3,14,28,2.6924931510002352
denoise_calendar_3,14,29,2.746495257000788
denoise_calendar_3,14,30,2.6858431569999084
denoise_calendar_3,15,1,2.8154551129991887
denoise_calendar_3,15,2,2.991994968000654
denoise_calendar_3,15,3,2.8907885790031287
denoise_calendar_3,15,4,2.9553862729990215
denoise_calendar_3,15,5,2.839867738999601
denoise_calendar_3,15,6,2.807151545999659
denoise_calendar_3,15,7,2.889660573000583
denoise_calendar_3,15,8,2.9029587080003694
denoise_calendar_3,15,9,2.782863455999177
denoise_calendar_3,15,10,2.8863333410008636
denoise_calendar_3,15,11,2.932836504998704
denoise_calendar_3,15,12,2.670317972999328
denoise_calendar_3,15,13,2.7997708070033696
denoise_calendar_3,15,14,2.9209575669992773
denoise_calendar_3,15,15,2.9932442729987088
denoise_calendar_3,15,16,2.758412537001277
denoise_calendar_3,15,17,2.854657097999734
denoise_calendar_3,15,18,2.879786792000232
denoise_calendar_3,15,19,2.9809540450005443
denoise_calendar_3,15,20,2.8989048399998865
denoise_calendar_3,15,21,2.769235044001107
denoise_calendar_3,15,22,2.8520290100022976
denoise_calendar_3,15,23,2.8367425789983827
denoise_calendar_3,15,24,2.836875750999752
denoise_calendar_3,15,25,2.9063639970008808
denoise_calendar_3,15,26,2.9133794229965133
denoise_calendar_3,15,27,2.8324666250009614
denoise_calendar_3,15,28,2.852801189001184
denoise_calendar_3,15,29,2.8297808440001972
denoise_calendar_3,15,30,2.9213409969997883
denoise_calendar_3,16,1,2.965190310998878
denoise_calendar_3,16,2,2.841648574998544
denoise_calendar_3,16,3,2.9869090779975522
denoise_calendar_3,16,4,2.77283614100088
denoise_calendar_3,16,5,2.8568791069992585
denoise_calendar_3,16,6,2.9175688609975623
denoise_calendar_3,16,7,2.8455903210015094
denoise_calendar_3,16,8,2.8819874720029475
denoise_calendar_3,16,9,2.800409840001521
denoise_calendar_3,16,10,2.82342276199779
denoise_calendar_3,16,11,2.768569870997453
denoise_calendar_3,16,12,2.9657243649999145
denoise_calendar_3,16,13,2.8820434539993585
denoise_calendar_3,16,14,2.745469173998572
denoise_calendar_3,16,15,2.9577257500022824
denoise_calendar_3,16,16,2.8971266910011764
denoise_calendar_3,16,17,2.874898439997196
denoise_calendar_3,16,18,2.9637282129988307
denoise_calendar_3,16,19,2.89179367700126
denoise_calendar_3,16,20,2.9030046580010094
denoise_calendar_3,16,21,2.750819856999442
denoise_calendar_3,16,22,2.676277585000207
denoise_calendar_3,16,23,2.7778632500012463
denoise_calendar_3,16,24,2.970578516000387
denoise_calendar_3,16,25,2.834294731997943
denoise_calendar_3,16,26,2.865721076999762
denoise_calendar_3,16,27,2.8494103659977554
denoise_calendar_3,16,28,2.7806634009975824
denoise_calendar_3,16,29,2.911136799997621
denoise_calendar_3,16,30,2.725190476001444
denoise_calendar_3_lock,1,1,14.21313137100151
denoise_calendar_3_lock,1,2,14.304376283998863
denoise_calendar_3_lock,1,3,14.469918065002275
denoise_calendar_3_lock,1,4,14.627547211999627
denoise_calendar_3_lock,1,5,14.510531530999287
denoise_calendar_3_lock,1,6,14.33273885199742
denoise_calendar_3_lock,1,7,14.076081731000158
denoise_calendar_3_lock,1,8,13.961959394000587
denoise_calendar_3_lock,1,9,13.903411433999281
denoise_calendar_3_lock,1,10,13.881778961000236
denoise_calendar_3_lock,1,11,13.981240362998506
denoise_calendar_3_lock,1,12,13.995064075999835
denoise_calendar_3_lock,1,13,13.925357693999104
denoise_calendar_3_lock,1,14,13.967659332996845
denoise_calendar_3_lock,1,15,13.921716222001123
denoise_calendar_3_lock,1,16,13.915119461998984
denoise_calendar_3_lock,1,17,13.952180338001199
denoise_calendar_3_lock,1,18,13.981291641997814
denoise_calendar_3_lock,1,19,13.979981861000851
denoise_calendar_3_lock,1,20,13.957961505999265
denoise_calendar_3_lock,1,21,14.177377427997271
denoise_calendar_3_lock,1,22,14.066064336999261
denoise_calendar_3_lock,1,23,14.03557235000335
denoise_calendar_3_lock,1,24,13.98399801100095
denoise_calendar_3_lock,1,25,14.039383307997923
denoise_calendar_3_lock,1,26,13.98957103200155
denoise_calendar_3_lock,1,27,14.069961507000698
denoise_calendar_3_lock,1,28,14.33376358699752
denoise_calendar_3_lock,1,29,14.100062006997177
denoise_calendar_3_lock,1,30,14.243617334999726
denoise_calendar_3_lock,2,1,7.597581416997855
denoise_calendar_3_lock,2,2,7.618965158999345
denoise_calendar_3_lock,2,3,7.6187062290009635
denoise_calendar_3_lock,2,4,7.555094775001635
denoise_calendar_3_lock,2,5,7.5643763419975585
denoise_calendar_3_lock,2,6,7.565654185000312
denoise_calendar_3_lock,2,7,7.58702239899867
denoise_calendar_3_lock,2,8,7.573679960001755
denoise_calendar_3_lock,2,9,7.585586051001883
denoise_calendar_3_lock,2,10,7.58839524799987
denoise_calendar_3_lock,2,11,7.571177573001478
denoise_calendar_3_lock,2,12,7.568783105998591
denoise_calendar_3_lock,2,13,7.6107139170017035
denoise_calendar_3_lock,2,14,7.723946572001296
denoise_calendar_3_lock,2,15,7.667123456001718
denoise_calendar_3_lock,2,16,7.694188558998576
denoise_calendar_3_lock,2,17,7.877050565002719
denoise_calendar_3_lock,2,18,7.721769019000931
denoise_calendar_3_lock,2,19,7.940264569999272
denoise_calendar_3_lock,2,20,8.094512556999689
denoise_calendar_3_lock,2,21,8.089835320999555
denoise_calendar_3_lock,2,22,8.014686400998471
denoise_calendar_3_lock,2,23,7.876184896002087
denoise_calendar_3_lock,2,24,7.785050479997153
denoise_calendar_3_lock,2,25,7.694755070999236
denoise_calendar_3_lock,2,26,7.662490742997761
denoise_calendar_3_lock,2,27,7.649358946000575
denoise_calendar_3_lock,2,28,7.757375904999208
denoise_calendar_3_lock,2,29,7.704435087998718
denoise_calendar_3_lock,2,30,7.647588668001845
denoise_calendar_3_lock,3,1,5.238057753002067
denoise_calendar_3_lock,3,2,5.279146449996915
denoise_calendar_3_lock,3,3,5.2733373409973865
denoise_calendar_3_lock,3,4,5.4575828470005945
denoise_calendar_3_lock,3,5,5.297160594000161
denoise_calendar_3_lock,3,6,5.3098459120010375
denoise_calendar_3_lock,3,7,5.293803018001199
denoise_calendar_3_lock,3,8,5.303968596999766
denoise_calendar_3_lock,3,9,5.300574624001456
denoise_calendar_3_lock,3,10,5.291948794998461
denoise_calendar_3_lock,3,11,5.291746228998818
denoise_calendar_3_lock,3,12,5.295854728999984
denoise_calendar_3_lock,3,13,5.323867773000529
denoise_calendar_3_lock,3,14,5.3030526760012435
denoise_calendar_3_lock,3,15,5.295880245997978
denoise_calendar_3_lock,3,16,5.302597892001359
denoise_calendar_3_lock,3,17,5.304591544998402
denoise_calendar_3_lock,3,18,5.2901930949992675
denoise_calendar_3_lock,3,19,5.304226716998528
denoise_calendar_3_lock,3,20,5.314497721999942
denoise_calendar_3_lock,3,21,5.314284435000445
denoise_calendar_3_lock,3,22,5.317816144000972
denoise_calendar_3_lock,3,23,5.298299729998689
denoise_calendar_3_lock,3,24,5.3617771249992074
denoise_calendar_3_lock,3,25,5.3141418599989265
denoise_calendar_3_lock,3,26,5.311557230001199
denoise_calendar_3_lock,3,27,5.314368301002105
denoise_calendar_3_lock,3,28,5.323683870999957
denoise_calendar_3_lock,3,29,5.327704387000267
denoise_calendar_3_lock,3,30,5.313219567997294
denoise_calendar_3_lock,4,1,4.099629381998966
denoise_calendar_3_lock,4,2,4.08992193299855
denoise_calendar_3_lock,4,3,4.092028295999626
denoise_calendar_3_lock,4,4,4.078152497000701
denoise_calendar_3_lock,4,5,4.078684233998501
denoise_calendar_3_lock,4,6,4.083877999000833
denoise_calendar_3_lock,4,7,4.098112875002698
denoise_calendar_3_lock,4,8,4.088140204999945
denoise_calendar_3_lock,4,9,4.08781606300181
denoise_calendar_3_lock,4,10,4.116397862002486
denoise_calendar_3_lock,4,11,4.104018863999954
denoise_calendar_3_lock,4,12,4.124037671001133
denoise_calendar_3_lock,4,13,4.102908351000224
denoise_calendar_3_lock,4,14,4.089183221996791
denoise_calendar_3_lock,4,15,4.109480064998934
denoise_calendar_3_lock,4,16,4.1137971130010555
denoise_calendar_3_lock,4,17,4.1076614480007265
denoise_calendar_3_lock,4,18,4.115763814999809
denoise_calendar_3_lock,4,19,4.106199082998501
denoise_calendar_3_lock,4,20,4.113751707998745
denoise_calendar_3_lock,4,21,4.095888945998013
denoise_calendar_3_lock,4,22,4.103473711002152
denoise_calendar_3_lock,4,23,4.104357080999762
denoise_calendar_3_lock,4,24,4.1094793240008585
denoise_calendar_3_lock,4,25,4.100271774001158
denoise_calendar_3_lock,4,26,4.099476687999413
denoise_calendar_3_lock,4,27,4.129834966999624
denoise_calendar_3_lock,4,28,4.113067035999848
denoise_calendar_3_lock,4,29,4.113711954996688
denoise_calendar_3_lock,4,30,4.09458420199735
denoise_calendar_3_lock,5,1,3.5227428569996846
denoise_calendar_3_lock,5,2,3.507346473998041
denoise_calendar_3_lock,5,3,3.4970142060010403
denoise_calendar_3_lock,5,4,3.5352983439988748
denoise_calendar_3_lock,5,5,3.5069058560002304
denoise_calendar_3_lock,5,6,3.500866209000378
denoise_calendar_3_lock,5,7,3.488792768002895
denoise_calendar_3_lock,5,8,3.503296622999187
denoise_calendar_3_lock,5,9,3.4945040349994088
denoise_calendar_3_lock,5,10,3.4915568609976617
denoise_calendar_3_lock,5,11,3.499259935997543
denoise_calendar_3_lock,5,12,3.479545664999023
denoise_calendar_3_lock,5,13,3.5267506500022137
denoise_calendar_3_lock,5,14,3.5479858059989056
denoise_calendar_3_lock,5,15,3.520657894998294
denoise_calendar_3_lock,5,16,3.513031141999818
denoise_calendar_3_lock,5,17,3.5203945959983685
denoise_calendar_3_lock,5,18,3.5407781310022983
denoise_calendar_3_lock,5,19,3.524731128996791
denoise_calendar_3_lock,5,20,3.514284848999523
denoise_calendar_3_lock,5,21,3.6013185209994845
denoise_calendar_3_lock,5,22,3.52519780700095
denoise_calendar_3_lock,5,23,3.5131551519989443
denoise_calendar_3_lock,5,24,3.5202366930025164
denoise_calendar_3_lock,5,25,3.5081781490007415
denoise_calendar_3_lock,5,26,3.512082740999176
denoise_calendar_3_lock,5,27,3.513860050999938
denoise_calendar_3_lock,5,28,3.5050781320023816
denoise_calendar_3_lock,5,29,3.5110229819983942
denoise_calendar_3_lock,5,30,3.522688034998282
denoise_calendar_3_lock,6,1,3.0311454650000087
denoise_calendar_3_lock,6,2,3.0189517899998464
denoise_calendar_3_lock,6,3,3.0350051729983534
denoise_calendar_3_lock,6,4,3.0309422179998364
denoise_calendar_3_lock,6,5,3.0293787730006443
denoise_calendar_3_lock,6,6,3.0320944979976048
denoise_calendar_3_lock,6,7,3.04939939399992
denoise_calendar_3_lock,6,8,3.035424060999503
denoise_calendar_3_lock,6,9,3.033603910000238
denoise_calendar_3_lock,6,10,3.025756435999938
denoise_calendar_3_lock,6,11,3.051162228002795
denoise_calendar_3_lock,6,12,3.0446852589993796
denoise_calendar_3_lock,6,13,3.0479457350011216
denoise_calendar_3_lock,6,14,3.0450323740005842
denoise_calendar_3_lock,6,15,3.0294769259999157
denoise_calendar_3_lock,6,16,3.036853664998489
denoise_calendar_3_lock,6,17,3.0518206609995104
denoise_calendar_3_lock,6,18,3.0290982030019222
denoise_calendar_3_lock,6,19,3.0240161449983134
denoise_calendar_3_lock,6,20,3.032711281997763
denoise_calendar_3_lock,6,21,3.0381127839973487
denoise_calendar_3_lock,6,22,3.020162397999229
denoise_calendar_3_lock,6,23,3.0258652689990413
denoise_calendar_3_lock,6,24,3.0191809950010793
denoise_calendar_3_lock,6,25,3.0502078059980704
denoise_calendar_3_lock,6,26,3.0451653109994368
denoise_calendar_3_lock,6,27,3.0516476100019645
denoise_calendar_3_lock,6,28,3.0427627799981565
denoise_calendar_3_lock,6,29,3.0227263790002326
denoise_calendar_3_lock,6,30,3.051436277000903
denoise_calendar_3_lock,7,1,3.0318336519994773
denoise_calendar_3_lock,7,2,2.9543643439974403
denoise_calendar_3_lock,7,3,2.97028003000014
denoise_calendar_3_lock,7,4,2.9498988799969084
denoise_calendar_3_lock,7,5,2.958070675998897
denoise_calendar_3_lock,7,6,2.981275430000096
denoise_calendar_3_lock,7,7,2.948997296000016
denoise_calendar_3_lock,7,8,2.977829732000828
denoise_calendar_3_lock,7,9,3.0326040129984904
denoise_calendar_3_lock,7,10,3.0159314110023843
denoise_calendar_3_lock,7,11,2.943123558001389
denoise_calendar_3_lock,7,12,2.9517043230007403
denoise_calendar_3_lock,7,13,2.9658798389973526
denoise_calendar_3_lock,7,14,2.954953848002333
denoise_calendar_3_lock,7,15,2.9765896889985015
denoise_calendar_3_lock,7,16,2.9559986280000885
denoise_calendar_3_lock,7,17,3.0138010640002904
denoise_calendar_3_lock,7,18,2.985697201998846
denoise_calendar_3_lock,7,19,2.9587725899982615
denoise_calendar_3_lock,7,20,2.9856231740013754
denoise_calendar_3_lock,7,21,2.9760557770023297
denoise_calendar_3_lock,7,22,2.976361574001203
denoise_calendar_3_lock,7,23,2.9683477220023633
denoise_calendar_3_lock,7,24,2.9865135479994933
denoise_calendar_3_lock,7,25,2.983018427003117
denoise_calendar_3_lock,7,26,2.9863661640010832
denoise_calendar_3_lock,7,27,2.9872043920004216
denoise_calendar_3_lock,7,28,2.97523649499999
denoise_calendar_3_lock,7,29,2.9872749420028413
denoise_calendar_3_lock,7,30,2.95512774099916
denoise_calendar_3_lock,8,1,2.931810468002368
denoise_calendar_3_lock,8,2,2.9271678860022803
denoise_calendar_3_lock,8,3,2.894907524998416
denoise_calendar_3_lock,8,4,2.912656207001419
denoise_calendar_3_lock,8,5,2.905159764999553
denoise_calendar_3_lock,8,6,2.9213197060016682
denoise_calendar_3_lock,8,7,2.882926425001642
denoise_calendar_3_lock,8,8,2.899089460999676
denoise_calendar_3_lock,8,9,2.883127106997563
denoise_calendar_3_lock,8,10,2.916852188998746
denoise_calendar_3_lock,8,11,2.901590767000016
denoise_calendar_3_lock,8,12,2.8806975560000865
denoise_calendar_3_lock,8,13,2.935210433002794
denoise_calendar_3_lock,8,14,2.8977665140009776
denoise_calendar_3_lock,8,15,2.911429127001611
denoise_calendar_3_lock,8,16,2.8966557220010145
denoise_calendar_3_lock,8,17,2.901689140002418
denoise_calendar_3_lock,8,18,2.9107894000007946
denoise_calendar_3_lock,8,19,2.908709617000568
denoise_calendar_3_lock,8,20,2.922734252999362
denoise_calendar_3_lock,8,21,2.910834924001392
denoise_calendar_3_lock,8,22,2.9196375620012986
denoise_calendar_3_lock,8,23,2.9216654679985368
denoise_calendar_3_lock,8,24,2.889618322999013
denoise_calendar_3_lock,8,25,2.9104883709987917
denoise_calendar_3_lock,8,26,2.910692168999958
denoise_calendar_3_lock,8,27,2.904554922002717
denoise_calendar_3_lock,8,28,2.9525096690013015
denoise_calendar_3_lock,8,29,2.902653230001306
denoise_calendar_3_lock,8,30,2.8938976600002206
denoise_calendar_3_lock,9,1,2.8650394569995115
denoise_calendar_3_lock,9,2,2.839025124998443
denoise_calendar_3_lock,9,3,2.8338693900004728
denoise_calendar_3_lock,9,4,2.8409916070013423
denoise_calendar_3_lock,9,5,2.8331775959995866
denoise_calendar_3_lock,9,6,2.8434031450015027
denoise_calendar_3_lock,9,7,2.8200624599994626
denoise_calendar_3_lock,9,8,2.835868672998913
denoise_calendar_3_lock,9,9,2.849111747000279
denoise_calendar_3_lock,9,10,2.839107777999743
denoise_calendar_3_lock,9,11,2.8718731669978297
denoise_calendar_3_lock,9,12,2.832878380002512
denoise_calendar_3_lock,9,13,2.839536796000175
denoise_calendar_3_lock,9,14,2.832090055999288
denoise_calendar_3_lock,9,15,2.848608210999373
denoise_calendar_3_lock,9,16,2.8251111050012696
denoise_calendar_3_lock,9,17,2.8421342490000825
denoise_calendar_3_lock,9,18,2.831023794999055
denoise_calendar_3_lock,9,19,2.8316674110028544
denoise_calendar_3_lock,9,20,2.838114564001444
denoise_calendar_3_lock,9,21,2.852562364998448
denoise_calendar_3_lock,9,22,2.8597951580013614
denoise_calendar_3_lock,9,23,2.8260556500026723
denoise_calendar_3_lock,9,24,2.835012101997563
denoise_calendar_3_lock,9,25,2.8416480460000457
denoise_calendar_3_lock,9,26,2.8335461099995882
denoise_calendar_3_lock,9,27,2.839463378997607
denoise_calendar_3_lock,9,28,2.843623504999414
denoise_calendar_3_lock,9,29,2.8451881510009116
denoise_calendar_3_lock,9,30,2.8560248659996432
denoise_calendar_3_lock,10,1,2.785655632000271
denoise_calendar_3_lock,10,2,2.7703703949991905
denoise_calendar_3_lock,10,3,2.7795659020011954
denoise_calendar_3_lock,10,4,2.765428026999871
denoise_calendar_3_lock,10,5,2.7843849919991044
denoise_calendar_3_lock,10,6,2.7934168549982132
denoise_calendar_3_lock,10,7,2.819864160999714
denoise_calendar_3_lock,10,8,2.7737480079995294
denoise_calendar_3_lock,10,9,2.7831646560007357
denoise_calendar_3_lock,10,10,2.783766975000617
denoise_calendar_3_lock,10,11,2.788069415000791
denoise_calendar_3_lock,10,12,2.7677267559993197
denoise_calendar_3_lock,10,13,2.7773900920001324
denoise_calendar_3_lock,10,14,2.8017397319999873
denoise_calendar_3_lock,10,15,2.7680403480007953
denoise_calendar_3_lock,10,16,2.7858051199982583
denoise_calendar_3_lock,10,17,2.7897176559999934
denoise_calendar_3_lock,10,18,2.820536951003305
denoise_calendar_3_lock,10,19,2.7765438400019775
denoise_calendar_3_lock,10,20,2.7781620749992726
denoise_calendar_3_lock,10,21,2.796430672999122
denoise_calendar_3_lock,10,22,2.7994489279990376
denoise_calendar_3_lock,10,23,2.7865015829993354
denoise_calendar_3_lock,10,24,2.781470238998736
denoise_calendar_3_lock,10,25,2.7960225739989255
denoise_calendar_3_lock,10,26,2.7696603469994443
denoise_calendar_3_lock,10,27,2.800556725000206
denoise_calendar_3_lock,10,28,2.78131950900206
denoise_calendar_3_lock,10,29,2.781102185999771
denoise_calendar_3_lock,10,30,2.774552892999054
denoise_calendar_3_lock,11,1,2.795179699001892
denoise_calendar_3_lock,11,2,2.766598039997916
denoise_calendar_3_lock,11,3,2.735466665999411
denoise_calendar_3_lock,11,4,2.735125773000618
denoise_calendar_3_lock,11,5,2.7443540599997505
denoise_calendar_3_lock,11,6,2.741400214999885
denoise_calendar_3_lock,11,7,2.727760853998916
denoise_calendar_3_lock,11,8,2.736904835997848
denoise_calendar_3_lock,11,9,2.7284599429985974
denoise_calendar_3_lock,11,10,2.741665608002222
denoise_calendar_3_lock,11,11,2.858216104999883
denoise_calendar_3_lock,11,12,2.7694065860014234
denoise_calendar_3_lock,11,13,2.8243349730000773
denoise_calendar_3_lock,11,14,2.7845659679987875
denoise_calendar_3_lock,11,15,2.7525052680030058
denoise_calendar_3_lock,11,16,2.7810674510001263
denoise_calendar_3_lock,11,17,2.738470624000911
denoise_calendar_3_lock,11,18,2.739683937001246
denoise_calendar_3_lock,11,19,2.7325191409981926
denoise_calendar_3_lock,11,20,2.7374910039980023
denoise_calendar_3_lock,11,21,2.7467805259984743
denoise_calendar_3_lock,11,22,2.741183592002926
denoise_calendar_3_lock,11,23,2.7415411660003883
denoise_calendar_3_lock,11,24,2.7452434210026695
denoise_calendar_3_lock,11,25,2.745676165999612
denoise_calendar_3_lock,11,26,2.731160698000167
denoise_calendar_3_lock,11,27,2.7310066320023907
denoise_calendar_3_lock,11,28,2.732789063000382
denoise_calendar_3_lock,11,29,2.7230335649983317
denoise_calendar_3_lock,11,30,2.7482853010005783
denoise_calendar_3_lock,12,1,2.7228299569978844
denoise_calendar_3_lock,12,2,2.6841264110007614
denoise_calendar_3_lock,12,3,2.684366466000938
denoise_calendar_3_lock,12,4,2.7476964769994083
denoise_calendar_3_lock,12,5,2.6900717919997987
denoise_calendar_3_lock,12,6,2.6804141770007845
denoise_calendar_3_lock,12,7,2.6879556409985526
denoise_calendar_3_lock,12,8,2.694870143001026
denoise_calendar_3_lock,12,9,2.6801578710001195
denoise_calendar_3_lock,12,10,2.679194272001041
denoise_calendar_3_lock,12,11,2.6790275710009155
denoise_calendar_3_lock,12,12,2.690109310999105
denoise_calendar_3_lock,12,13,2.6967512170012924
denoise_calendar_3_lock,12,14,2.6902929930001847
denoise_calendar_3_lock,12,15,2.6825370180013124
denoise_calendar_3_lock,12,16,2.6797226829985448
denoise_calendar_3_lock,12,17,2.6791380270005902
denoise_calendar_3_lock,12,18,2.678028536000056
denoise_calendar_3_lock,12,19,2.681890748001024
denoise_calendar_3_lock,12,20,2.6865384400007315
denoise_calendar_3_lock,12,21,2.722305203002179
denoise_calendar_3_lock,12,22,2.6872291430008772
denoise_calendar_3_lock,12,23,2.688284201998613
denoise_calendar_3_lock,12,24,2.6910306429999764
denoise_calendar_3_lock,12,25,2.687227520000306
denoise_calendar_3_lock,12,26,2.693651169000077
denoise_calendar_3_lock,12,27,2.6879680049969465
denoise_calendar_3_lock,12,28,2.688091504998738
denoise_calendar_3_lock,12,29,2.691423622000002
denoise_calendar_3_lock,12,30,2.6798637039973983
denoise_calendar_3_lock,13,1,2.7265386750004836
denoise_calendar_3_lock,13,2,2.6950306109974917
denoise_calendar_3_lock,13,3,2.6950117760025023
denoise_calendar_3_lock,13,4,2.696811367997725
denoise_calendar_3_lock,13,5,2.686128148001444
denoise_calendar_3_lock,13,6,2.6968980790006754
denoise_calendar_3_lock,13,7,2.702724560000206
denoise_calendar_3_lock,13,8,2.6759270829970774
denoise_calendar_3_lock,13,9,2.685234357999434
denoise_calendar_3_lock,13,10,2.6875934889976634
denoise_calendar_3_lock,13,11,2.6887029699973937
denoise_calendar_3_lock,13,12,2.681782788000419
denoise_calendar_3_lock,13,13,2.7082783540026867
denoise_calendar_3_lock,13,14,2.8230995400008396
denoise_calendar_3_lock,13,15,2.7799534930018126
denoise_calendar_3_lock,13,16,2.7726054759987164
denoise_calendar_3_lock,13,17,2.8128821549980785
denoise_calendar_3_lock,13,18,2.707563226002094
denoise_calendar_3_lock,13,19,2.69569802100159
denoise_calendar_3_lock,13,20,2.6704377489986655
denoise_calendar_3_lock,13,21,2.6956473760001245
denoise_calendar_3_lock,13,22,2.671631746998173
denoise_calendar_3_lock,13,23,2.695009682000091
denoise_calendar_3_lock,13,24,2.6703184980033257
denoise_calendar_3_lock,13,25,2.6883155700015777
denoise_calendar_3_lock,13,26,2.6901686809978855
denoise_calendar_3_lock,13,27,2.68057640799816
denoise_calendar_3_lock,13,28,2.664419682998414
denoise_calendar_3_lock,13,29,2.691142169998784
denoise_calendar_3_lock,13,30,2.679653392999171
denoise_calendar_3_lock,14,1,2.706545314998948
denoise_calendar_3_lock,14,2,2.674247514001763
denoise_calendar_3_lock,14,3,2.6882583840015286
denoise_calendar_3_lock,14,4,2.6664349749989924
denoise_calendar_3_lock,14,5,2.689392960997793
denoise_calendar_3_lock,14,6,2.662300307001715
denoise_calendar_3_lock,14,7,2.6891743349988246
denoise_calendar_3_lock,14,8,2.6810221550003916
denoise_calendar_3_lock,14,9,2.6826299510030367
denoise_calendar_3_lock,14,10,2.6673724159991252
denoise_calendar_3_lock,14,11,2.723279101999651
denoise_calendar_3_lock,14,12,2.6880477630002133
denoise_calendar_3_lock,14,13,2.685393624000426
denoise_calendar_3_lock,14,14,2.6710507869975118
denoise_calendar_3_lock,14,15,2.6879243639996275
denoise_calendar_3_lock,14,16,2.6795409850019496
denoise_calendar_3_lock,14,17,2.6827777860016795
denoise_calendar_3_lock,14,18,2.6719208340000478
denoise_calendar_3_lock,14,19,2.6962644119994366
denoise_calendar_3_lock,14,20,2.679231018999417
denoise_calendar_3_lock,14,21,2.7210126130012213
denoise_calendar_3_lock,14,22,2.6818169120015227
denoise_calendar_3_lock,14,23,2.7021119719975104
denoise_calendar_3_lock,14,24,2.674471460002678
denoise_calendar_3_lock,14,25,2.6747028600002523
denoise_calendar_3_lock,14,26,2.6994667100007064
denoise_calendar_3_lock,14,27,2.6770847929983574
denoise_calendar_3_lock,14,28,2.683867730000202
denoise_calendar_3_lock,14,29,2.6799500349989103
denoise_calendar_3_lock,14,30,2.6883769939995545
denoise_calendar_3_lock,15,1,2.7121339039986196
denoise_calendar_3_lock,15,2,2.695107373998326
denoise_calendar_3_lock,15,3,2.682996722000098
denoise_calendar_3_lock,15,4,2.682022674001928
denoise_calendar_3_lock,15,5,2.6763908339999034
denoise_calendar_3_lock,15,6,2.6763673110035597
denoise_calendar_3_lock,15,7,2.676100675998896
denoise_calendar_3_lock,15,8,2.7077201870015415
denoise_calendar_3_lock,15,9,2.6701185159981833
denoise_calendar_3_lock,15,10,2.6878599939991545
denoise_calendar_3_lock,15,11,2.6601300170004833
denoise_calendar_3_lock,15,12,2.680725664999045
denoise_calendar_3_lock,15,13,2.6626210430003994
denoise_calendar_3_lock,15,14,2.679498405999766
denoise_calendar_3_lock,15,15,2.674620206002146
denoise_calendar_3_lock,15,16,2.671679546001542
denoise_calendar_3_lock,15,17,2.674116441001388
denoise_calendar_3_lock,15,18,2.722794632001751
denoise_calendar_3_lock,15,19,2.68052523300139
denoise_calendar_3_lock,15,20,2.6922426329983864
denoise_calendar_3_lock,15,21,2.676808539999911
denoise_calendar_3_lock,15,22,2.6838222350015712
denoise_calendar_3_lock,15,23,2.670240002000355
denoise_calendar_3_lock,15,24,2.688124334999884
denoise_calendar_3_lock,15,25,2.671179236000171
denoise_calendar_3_lock,15,26,2.769415963000938
denoise_calendar_3_lock,15,27,2.70564722799827
denoise_calendar_3_lock,15,28,2.684240411999781
denoise_calendar_3_lock,15,29,2.7206655879999744
denoise_calendar_3_lock,15,30,2.69269987199732
denoise_calendar_3_lock,16,1,2.6762584390016855
denoise_calendar_3_lock,16,2,2.6977458630026376
denoise_calendar_3_lock,16,3,2.7003626929981692
denoise_calendar_3_lock,16,4,2.6962314510019496
denoise_calendar_3_lock,16,5,2.668861492002179
denoise_calendar_3_lock,16,6,2.694811633999052
denoise_calendar_3_lock,16,7,2.663987100000668
denoise_calendar_3_lock,16,8,2.6828179500007536
denoise_calendar_3_lock,16,9,2.676724763998209
denoise_calendar_3_lock,16,10,2.664588937001099
denoise_calendar_3_lock,16,11,2.691582046001713
denoise_calendar_3_lock,16,12,2.67346999000074
denoise_calendar_3_lock,16,13,2.7247968400006357
denoise_calendar_3_lock,16,14,2.6778656630012847
denoise_calendar_3_lock,16,15,2.6784997710019525
denoise_calendar_3_lock,16,16,2.663385002000723
denoise_calendar_3_lock,16,17,2.68265158199938
denoise_calendar_3_lock,16,18,2.6710588120004104
denoise_calendar_3_lock,16,19,2.6799747000004572
denoise_calendar_3_lock,16,20,2.6683730140030093
denoise_calendar_3_lock,16,21,2.681413172002067
denoise_calendar_3_lock,16,22,2.6627771019993816
denoise_calendar_3_lock,16,23,2.7133291530008137
denoise_calendar_3_lock,16,24,2.6572490060025302
denoise_calendar_3_lock,16,25,2.700488686998142
denoise_calendar_3_lock,16,26,2.657163687999855
denoise_calendar_3_lock,16,27,2.7149396749991865
denoise_calendar_3_lock,16,28,2.6726432949981245
denoise_calendar_3_lock,16,29,2.679679701999703
denoise_calendar_3_lock,16,30,2.6777790829983132
denoise_calendar_final,1,1,13.432968199998868
denoise_calendar_final,1,2,13.660601604999101
denoise_calendar_final,1,3,14.539941864000866
denoise_calendar_final,1,4,14.19956099400224
denoise_calendar_final,1,5,13.247858741000528
denoise_calendar_final,1,6,13.292722514997877
denoise_calendar_final,1,7,13.286203786999977
denoise_calendar_final,1,8,13.279923613998108
denoise_calendar_final,1,9,13.391330673999619
denoise_calendar_final,1,10,13.344245360000059
denoise_calendar_final,1,11,13.380482854998263
denoise_calendar_final,1,12,13.615095132998249
denoise_calendar_final,1,13,13.284585149001941
denoise_calendar_final,1,14,13.24523650699848
denoise_calendar_final,1,15,13.314016099000582
denoise_calendar_final,1,16,13.291863515998557
denoise_calendar_final,1,17,13.816419624003174
denoise_calendar_final,1,18,13.589128864001395
denoise_calendar_final,1,19,13.551629945002787
denoise_calendar_final,1,20,13.368426787998033
denoise_calendar_final,1,21,13.367557842997485
denoise_calendar_final,1,22,13.342253929000435
denoise_calendar_final,1,23,13.360227655000926
denoise_calendar_final,1,24,13.352068305001012
denoise_calendar_final,1,25,13.336853705000976
denoise_calendar_final,1,26,13.301244099999167
denoise_calendar_final,1,27,13.29344729800141
denoise_calendar_final,1,28,13.256162912002765
denoise_calendar_final,1,29,13.299565650999284
denoise_calendar_final,1,30,13.376953072998731
denoise_calendar_final,2,1,7.205968939000741
denoise_calendar_final,2,2,7.230409812997095
denoise_calendar_final,2,3,7.2174159990026965
denoise_calendar_final,2,4,7.238592074998451
denoise_calendar_final,2,5,7.267250027998671
denoise_calendar_final,2,6,7.2526470010016055
denoise_calendar_final,2,7,7.249065406002046
denoise_calendar_final,2,8,7.278521488002298
denoise_calendar_final,2,9,7.2805343410000205
denoise_calendar_final,2,10,7.272684056999424
denoise_calendar_final,2,11,7.2820631510003295
denoise_calendar_final,2,12,7.2830831479986955
denoise_calendar_final,2,13,7.2872797880008875
denoise_calendar_final,2,14,7.295262588002515
denoise_calendar_final,2,15,7.279806284997903
denoise_calendar_final,2,16,7.292216095000185
denoise_calendar_final,2,17,7.283759794998332
denoise_calendar_final,2,18,7.284765951997542
denoise_calendar_final,2,19,7.301986862999911
denoise_calendar_final,2,20,7.332380264000676
denoise_calendar_final,2,21,7.361796515000606
denoise_calendar_final,2,22,7.362131076002697
denoise_calendar_final,2,23,7.357700617998489
denoise_calendar_final,2,24,7.332516861999466
denoise_calendar_final,2,25,7.34404961600012
denoise_calendar_final,2,26,7.372493427999871
denoise_calendar_final,2,27,7.358840617998794
denoise_calendar_final,2,28,7.335482187001617
denoise_calendar_final,2,29,7.334759633999056
denoise_calendar_final,2,30,7.3194757199999
denoise_calendar_final,3,1,5.023993678998522
denoise_calendar_final,3,2,5.002737195998634
denoise_calendar_final,3,3,5.02479097000105
denoise_calendar_final,3,4,5.036272325996833
denoise_calendar_final,3,5,5.071110873999714
denoise_calendar_final,3,6,5.059441129000334
denoise_calendar_final,3,7,5.077738401996612
denoise_calendar_final,3,8,5.069831210999837
denoise_calendar_final,3,9,5.11750612600008
denoise_calendar_final,3,10,5.08568067500164
denoise_calendar_final,3,11,5.0760088370007
denoise_calendar_final,3,12,5.070321065999451
denoise_calendar_final,3,13,5.058526239001367
denoise_calendar_final,3,14,5.084772942998825
denoise_calendar_final,3,15,5.100015322001127
denoise_calendar_final,3,16,5.07229015700068
denoise_calendar_final,3,17,5.065234514000622
denoise_calendar_final,3,18,5.066949838997971
denoise_calendar_final,3,19,5.096556741998938
denoise_calendar_final,3,20,5.079555378000805
denoise_calendar_final,3,21,5.079481289998512
denoise_calendar_final,3,22,5.102114402001462
denoise_calendar_final,3,23,5.078004264996707
denoise_calendar_final,3,24,5.071287597998889
denoise_calendar_final,3,25,5.075300610998966
denoise_calendar_final,3,26,5.100083353001537
denoise_calendar_final,3,27,5.068616276999819
denoise_calendar_final,3,28,5.074570519998815
denoise_calendar_final,3,29,5.074092124999879
denoise_calendar_final,3,30,5.093001650002407
denoise_calendar_final,4,1,3.9328088170004776
denoise_calendar_final,4,2,3.8928589370007103
denoise_calendar_final,4,3,3.8815772180023487
denoise_calendar_final,4,4,3.8900189150008373
denoise_calendar_final,4,5,3.8911889740011247
denoise_calendar_final,4,6,3.9106713849978405
denoise_calendar_final,4,7,3.902506459002325
denoise_calendar_final,4,8,3.906445246997464
denoise_calendar_final,4,9,3.974505226000474
denoise_calendar_final,4,10,3.9488716980013123
denoise_calendar_final,4,11,3.9421767959975114
denoise_calendar_final,4,12,3.934262669998134
denoise_calendar_final,4,13,3.916123136998067
denoise_calendar_final,4,14,3.910528278000129
denoise_calendar_final,4,15,3.9357745419983985
denoise_calendar_final,4,16,3.9376917519985
denoise_calendar_final,4,17,3.9648984410014236
denoise_calendar_final,4,18,3.9636726700009604
denoise_calendar_final,4,19,3.924221506000322
denoise_calendar_final,4,20,3.9597675850018277
denoise_calendar_final,4,21,3.920854809002776
denoise_calendar_final,4,22,3.934174971000175
denoise_calendar_final,4,23,3.9434573559992714
denoise_calendar_final,4,24,3.960455381002248
denoise_calendar_final,4,25,3.927317891000712
denoise_calendar_final,4,26,3.941941956996743
denoise_calendar_final,4,27,3.9345327980008733
denoise_calendar_final,4,28,3.9717976979991363
denoise_calendar_final,4,29,3.9632891080000263
denoise_calendar_final,4,30,3.9346613599991542
denoise_calendar_final,5,1,3.3594288760032214
denoise_calendar_final,5,2,3.360785004999343
denoise_calendar_final,5,3,3.3911889379996865
denoise_calendar_final,5,4,3.3718658599973423
denoise_calendar_final,5,5,3.3508335989972693
denoise_calendar_final,5,6,3.3582781799996155
denoise_calendar_final,5,7,3.342998339998303
denoise_calendar_final,5,8,3.3440104849978525
denoise_calendar_final,5,9,3.3635527400001592
denoise_calendar_final,5,10,3.357926562999637
denoise_calendar_final,5,11,3.346016329000122
denoise_calendar_final,5,12,3.371304754000448
denoise_calendar_final,5,13,3.344661796996661
denoise_calendar_final,5,14,3.357654536001064
denoise_calendar_final,5,15,3.3740711540012853
denoise_calendar_final,5,16,3.3720869139979186
denoise_calendar_final,5,17,3.358877302998735
denoise_calendar_final,5,18,3.37928708400068
denoise_calendar_final,5,19,3.3720513910011505
denoise_calendar_final,5,20,3.3849097700003767
denoise_calendar_final,5,21,3.4077649940008996
denoise_calendar_final,5,22,3.36826924900015
denoise_calendar_final,5,23,3.4045867249988078
denoise_calendar_final,5,24,3.4056575399990834
denoise_calendar_final,5,25,3.4250037070014514
denoise_calendar_final,5,26,3.3903694239998003
denoise_calendar_final,5,27,3.4241641010012245
denoise_calendar_final,5,28,3.409628497000085
denoise_calendar_final,5,29,3.4454546109991497
denoise_calendar_final,5,30,3.4526785889975145
